3.515873125452016
4.587311547504842
4.6335263312388975
3.9328650017568347
3.9879787139457177
4.599238901942988
4.893066892447702
4.877838035390929
4.867912754845033
5.092980508606276
4.6849181929127415
4.498452314053205
4.973006065805538
3.6299125694008976
5.157105377698461
4.9141688089162825
5.2159375789961056
5.23728540039255
4.351315460773559
4.130421133821696
4.915997670562967
4.448952519764734
4.613955276679341
4.839640451934497
4.733874921902873
5.435577218616874
5.05034506783955
4.878509490724209
2.870085055160947
5.2507173110138705
4.132549743238808
4.522819980246337
5.142394944078861
4.186997086689423
4.299532176819205
4.654872514107814
5.087335081929611
5.271345742128045
3.84568416914179
4.235865185925655
4.583921375522283
4.259916887055146
4.868714980181439
4.328310835113604
5.401612889475359
5.636827622829476
4.467208006366931
4.28359923073737
5.74583655094462
4.667756193773806
3.995148577934724
5.6095337891796975
4.914204285323641
5.178798840173202
5.07030075374481
3.6755622656831886
4.6271021531598056
4.6872017330723565
4.0020704633521325
4.304825516694752
4.927066859336018
5.614035882733979
4.865900452050232
4.09295205093326
4.850174744043741
3.9184253150716235
4.838487381841604
5.713170728077574
3.4389705548475415
3.787793425966989
4.862385247753068
4.854837887662381
4.79543004149807
4.047637161473587
4.675449969555915
4.423502482453163
4.953569222932421
4.301576954167267
5.047927525213965
5.140909674450464
5.190979829847148
5.185033235105574
4.663213818800282
4.865540415237301
5.178277586816641
4.999440901650277
3.840227144885065
4.105666970726107
4.186481633475695
5.253542636711817
4.883805216652444
4.561448761326427
4.7706969741807
4.638493993499362
4.303931987236969
4.476050391594443
4.480930645516565
4.485313228726789
3.825873711703689
5.027306198235419
4.725228020259092
4.410847453980169
4.545277788702844
4.908161473438616
5.2191188037996
5.820939700886009
4.457741410673872
4.366216135769453
5.767796702404358
3.9218920359297087
4.238687258746907
5.340565805036804
5.21773559360584
4.983825799596978
5.014165308469732
5.190734778168179
4.289285217819987
3.4376514034583536
4.7746781598010735
4.60132306702905
5.55751792450944
4.221288164784111
4.589641536467363
4.881949892270168
4.042411872094712
4.776120156225905
4.077796174759771
5.086685733698682
3.973622796377936
4.33076852812177
4.262092847328919
3.9747694725417317
4.06122224874373
4.6642280779243075
3.918142325259703
3.9780443568528265
4.534056402762032
3.8156596388588904
3.9726172416779826
4.301521763211116
4.703829768918516
4.689526088205488
4.691324097148083
4.455079598266313
4.943591937047885
3.437077990369753
4.798637438520872
5.332347425346266
4.325817229975026
4.281709690564535
3.9104491258665273
5.114867081885938
5.048480283998572
4.266956681190197
4.602855092612156
4.928584254193658
4.829620104621277
4.039520477945721
5.303654597347565
4.529176039750312
5.0491622596455255
4.922849374318294
3.995541193042298
3.8449916118088496
4.3053854664371025
4.794573321307977
4.6526940366198755
5.145928482062206
5.37154475310862
4.0301451228392535
3.6558528039453226
4.567296898629094
4.731811814472722
4.895145134464694
4.318610343542328
4.541807337021205
4.325946883435952
4.550617719362341
4.530848770749258
4.638320813908903
3.915898189394624
3.9571795249624167
4.413397750186549
4.461756016059361
4.841069720892802
4.164364592700691
4.9045405349256
4.6202435334565894
4.630078504185665
3.9805604067759277
3.748713408741393
4.252308241789379
4.541043587847925
3.3284428595384843
4.4815483185361495
4.766141878198432
3.7665362880619275
4.657029172041082
4.211780144092452
4.76433726483116
4.463629338711586
4.684271585891004
4.633581437507545
3.790195167003142
4.315485404760932
5.114478030906241
5.020466494531713
4.716057587354264
4.440182688276041
5.489099373634195
5.120170532098927
4.527922541725811
4.596920726561573
5.2330894038736915
4.342488894378727
4.282624215891542
4.668200563958472
4.136844153747778
4.092809013446963
4.488835557209765
4.224257979489287
3.97664050605318
3.983371771004414
5.0970792910917275
4.124857512309573
4.639542382595722
4.527142123134829
3.882960619577399
3.7220510251098116
4.170525954230046
5.005130309971859
3.127834967227227
4.6216243335771985
3.7661745867831518
4.804580106622447
4.36267887444185
4.935595364221105
5.1387672413165975
2.607676717644892
4.75554777273901
3.5968687923910503
4.420429764276456
2.894889658782359
4.221612221069577
3.9056976973495057
3.8765515333784206
3.5692330906380154
2.9650251514235104
4.239342744188226
5.250011015413843
3.6134643735688656
3.7265398609358935
4.351300272010324
4.035471950807512
5.028534397978336
4.333801098627906
4.583689562179462
4.328511488040026
5.390863359450806
4.905735849647988
5.09465700309606
4.993005863313633
4.864556278609354
4.877785598131234
4.279706380662923
4.895271470345911
4.471356038993442
4.591608199618372
4.529886373773983
5.04938819725415
4.774534769567318
4.46382584044089
4.495976883862172
4.401166885003573
4.2693628975258315
5.035890378414881
4.762058832028858
5.25586514172138
4.450276783635109
4.3722612571752295
4.640729437232125
4.427369977605105
4.8967088039013
4.987191964098051
4.778217265944628
4.030323950308992
3.7537770717531056
3.8707445527178055
4.770547182461393
4.32714120675835
4.787759505482222
4.4901460617837605
5.1487388337700395
3.126691504099004
4.271750605193647
3.014192282581791
4.594961335899437
4.426846659769245
4.774270456214089
4.5676147160209934
3.745834340433053
3.559037607558536
4.051860394280468
3.4407307667012126
4.421741808927585
4.761053136418161
4.820458680589227
4.551494153893331
3.8851488479334395
4.115877686584283
4.231626560290868
3.3013258064047903
4.651884773543146
4.004942857629569
4.192559209275436
3.606107275740062
4.757603127762941
5.255436058638787
3.6467978179123226
4.405608237867386
4.245632682163161
3.8032794628297326
5.364416268254625
4.8611563447761075
5.367931479160457
5.213769317494471
5.066893838780518
4.548127359761339
4.604975607241529
4.126215928273785
5.516656352048821
4.370518000870662
5.3319000599887225
4.804077709026853
4.8581796730713425
4.945753296845858
5.391532200263043
4.437576177175848
5.132240201644009
5.5705068369054285
4.11194832836154
5.646714898485088
4.249557624939795
4.57591465678854
5.410599932593129
4.63933565188435
5.104750536844033
5.335038365850598
4.476494377318205
4.805135274416016
3.494535891334843
4.899190658436529
5.136704750950863
4.455941191619375
4.242601683218013
5.015471423211733
4.818929215507942
4.846713055214765
4.718593356223202
5.202157924393233
5.2835218003740865
4.548437889172232
4.767360432143141
5.180958652349683
3.4690331624577317
3.9772272235155537
4.628135432736588
4.029358398159515
4.959560023979125
3.328464014430965
4.837533277330635
4.57118641069034
4.551056048746079
3.897003483001974
4.094649849908848
4.759574906514368
4.760523135050196
4.584494104853566
3.350894644325172
4.972162132328197
4.559754698966322
4.676256788116681
5.26273762390236
5.084959343293043
3.127456516866311
3.82748870489333
3.944157696984074
4.627822516633667
4.925779904568292
5.1553168940246294
4.981795812521931
3.8076861612268145
4.374970523335563
2.677865498066508
3.657461472002032
3.896944390720101
4.898388385964296
4.567862600785051
4.791460956480708
4.684995187736426
4.978794327950853
4.953652401189617
4.418748256096014
5.34188096565695
5.548955370331108
5.489950316579262
4.799949754091908
4.797277892015269
3.693613365565202
3.613462819848028
4.23739694951072
4.559609674046664
4.462447096511131
4.714669078318449
3.698665874098049
5.385966322795032
5.429751396139741
4.833258101187582
4.657604116070684
4.997774070267378
4.807230795716046
4.447607044226234
3.478324976248904
4.954344362415412
4.149074210620969
4.348708211287817
4.167334950809314
5.383204736941754
4.845521861813155
3.5132410475420883
4.2773477560956215
4.486968354011144
5.096267406881202
3.8959033884844354
3.7685091320288024
3.824923716517471
3.885464341010102
3.9684485247538923
4.0974626897277195
5.097681106166876
5.350114628516877
4.787376988262816
4.907939115393807
3.780781747220996
4.263781479909887
4.704455185192095
4.959479141676166
4.925356532064621
5.171292702925064
4.670657364015624
4.820508771148662
4.828311227169595
4.422803125102136
4.899872431967782
3.8844168279129927
4.042373853110405
5.02960225603947
4.720058305890646
5.742781744697191
4.831946040054399
5.0991464176722205
4.542560450641326
5.834874004263529
5.164776142578204
4.859663553085891
4.9391203609271495
4.309510291204867
5.019323029817716
5.190935159759488
5.053022949827949
4.718836638382199
4.435235546146024
4.663186006182421
4.644977867883624
4.705875935346137
5.163077455368747
4.5072179333747995
5.45830831901999
3.83597022994728
5.290372739658383
4.839007061123738
5.227263095193918
4.51679863871517
4.877638158179374
4.881540337574822
3.8474056195106128
5.513073926443149
4.942340449611914
3.9982114726281757
4.34113893201314
4.738007191127674
4.43131665793897
4.598495836597004
5.084949119350301
5.318870066611539
4.16889725355462
4.304345642833644
4.71062143200857
5.10747929882128
4.622594836385737
3.4945217588296025
4.383758051750835
4.905779209320831
4.674818868217192
4.0208622872511794
5.334816847881893
4.703754405287367
4.0717891198561995
5.209819645691071
4.637320750948276
4.152642023740359
3.685898602202068
3.0252904220005292
4.922947585866112
5.025246831033568
4.899736633242743
4.105188734142819
5.293597267397259
3.902992434561964
4.511009679592521
4.9885957607120135
5.554762624992001
5.158569811792124
5.070084859790201
4.807856614276982
4.10807648350818
4.600099325415023
5.111868217897107
4.781940349153577
5.055518136145311
4.578601005228748
4.730826018301889
4.285652749050574
4.759889455031301
4.914950714654867
5.012290988809448
5.2350894493316895
4.126208275490968
4.677981990077101
4.722415259739437
4.679211233743156
4.711489111794184
4.901629819533673
4.564622934699417
4.525570326591916
4.825418182504499
4.260284609757452
4.46959346782364
4.550424783075135
5.0081423493873425
4.695334907023205
3.821622978443889
3.9065171921347823
4.292163961120979
5.234629217864897
4.359416677582358
4.162285314162246
4.410510536683245
5.028792750128676
4.783863469181979
4.594180289634893
4.440998578836341
4.1253100770136
3.9176530720729352
4.676226731255738
2.7594495453348347
4.051838934480208
3.436130217511155
4.233233742388807
4.500218957976424
3.9507045482657426
4.347136127900588
4.7916914467267935
4.638433240758423
4.437388334120083
4.175261518655047
3.2186716686775094
4.725701801119358
4.085411176729974
4.262186294516646
4.321630017376302
4.90009964226627
5.244658039109863
5.13327931027179
4.199141123920156
4.738236290533394
5.357160458287448
4.741341709528605
4.689921988754064
4.6008235308876575
5.065664575532091
4.396210601017436
4.583039208798741
4.720720763081507
4.693073544021084
4.407029688849958
4.514624749571156
4.83081167730767
5.243252826471697
4.4246308056374835
5.39733009181551
4.420973015272894
4.097948851767805
4.226540423742266
4.813824804278156
4.4856794461615195
4.073804059713624
4.313633148276139
4.30424586588827
3.8142200274230906
3.852711293411471
3.711235784721656
3.161010016552423
3.7163676776815953
4.86247222119678
3.8061297848842917
4.356031165742902
4.254428524775048
4.510044758198405
4.180371322633823
3.8616170591770302
4.660397039070923
4.1108098579764105
4.784314961289659
4.824291015843137
5.317115804441673
5.415126787465744
5.029607322403527
5.028044772305479
5.162369240449071
4.493245474815536
5.258936023708033
4.870162185268254
4.123823225887338
4.287906393509243
4.635915297370775
4.6130446245715415
3.7503798180878247
4.188159405544278
5.2180837854458435
4.279427522156556
4.676995314045222
4.7089064673212215
4.1425176773061745
4.687962171031596
4.706498583182604
5.035049167244327
4.663091302177678
4.50043517430359
5.103122542533377
3.752100456367785
4.096868451642609
3.529116709837593
4.210565935827631
5.323889276896802
4.256847253656282
4.299628603325013
3.964581139796319
3.9042909460917743
3.950036940718605
4.529027319265378
4.8105339895127575
4.948452279868366
4.185527327965319
4.5408469918396515
3.793534886735166
4.286118269495813
3.798897650062216
5.289077770276505
4.871424961947656
4.818343580518928
3.9212370776594874
5.049988103958252
4.183387051444824
4.760581053983224
4.533243797063682
4.53482626791608
4.666857996438131
4.417243082313813
4.192009124172198
4.103260060066189
3.913052661361959
4.562677991726806
3.7147773878190504
4.544984428861582
4.754076358154141
3.770527914763415
4.080677069921067
4.099091586078082
4.517304536074232
3.662458463538123
4.373693470050181
4.555992564233723
4.319832215736545
4.445759952860184
4.869010613547185
5.074455435546562
4.964255787226509
4.789586722345383
4.719265193478212
5.269441421987365
4.38688538698574
3.7629227628560202
5.260884874771924
4.24066002255108
3.8912989348950835
4.833584907145271
3.906137495256713
4.429873566552456
5.283053569997076
4.873609515259652
4.5165969536626385
4.251644271137869
4.805816016670901
3.241302453363034
4.476196193428485
4.313371145967165
5.191905024251971
4.057997533905418
5.091970124580693
4.424989746411346
4.6418281632046465
4.569437818833931
3.9337980347659367
4.016510778816586
4.653025973104921
4.748522171906977
4.096937122314434
4.655256274864569
4.559538617226397
4.728232732318407
3.484034216049468
3.46164986902473
4.005864282196116
5.03024589272846
5.090701870837177
3.6491797297217605
4.015256922566877
4.418353689438179
4.738581116820089
4.125831733477406
4.976347781040885
4.924730016046593
3.976896930657274
4.189976131821024
2.5068558350757564
3.6781213469258693
4.206103775601973
4.18964502022047
5.046899101679707
4.738471848713284
4.108655091808249
4.910622289743379
4.330286329244695
5.377380516185078
4.653241461065558
4.392756419565351
4.15887615786643
4.595615086147139
4.6309256985409775
4.010236031720772
5.106122408170231
4.1914914304046755
4.726028138421934
4.92047922104455
4.9782577944696875
4.012344054037108
3.765653103780126
4.153052375043714
4.879370551217684
3.858898836569225
4.674513223529289
4.622239767455756
4.069496025712713
2.5657898308262594
4.258501682526828
4.334458170757298
4.483983081560715
3.9852180430469284
3.8976887713644537
4.255234529022794
4.893539302133344
4.709191042895977
4.288171593984885
4.645655362111339
4.162289787149461
3.166118669196252
4.86814234042561
3.9511977644176395
3.6998445696948066
4.737085929495534
5.0596027698926305
4.821693907600493
3.720994014144418
5.226070214935022
4.637602747779102
4.6034423070733945
4.259092910367646
4.2306172591598505
4.75702115945212
5.051329480905231
5.0617945561171185
4.502754902178879
4.615027891694488
4.683023153280771
4.3603974232451765
3.910066724960713
4.766097639856494
4.398154141974231
4.917864324795294
4.156442205493157
4.326343255464182
4.045102688264181
4.185741581197988
4.578749881388796
4.936649815376803
4.965646811235245
4.675939864713272
4.2350854138730964
4.339200306337562
4.799818864851897
4.169940988312111
3.5719949891327496
3.455132486499983
3.8418239602735844
3.5735809069325986
3.335268388590179
4.000081719528276
3.6600533916362754
3.386642383256659
2.305734237551107
3.948915450873701
4.834056124920696
5.035785954542674
2.9945220375129034
4.521021628010767
3.9503893812969793
4.29223981484987
4.289677758973966
4.873147685803437
4.325973065387852
4.7239711739428385
3.6459502702068156
5.0796534515272125
3.8327766555261635
4.543101684337312
4.172200341861297
3.662266077063015
3.861085227308933
4.605627180361949
4.7326251672635795
4.641434644651875
4.426551473442409
5.0682304701163865
3.3636470974961266
4.226307960686453
4.661463079422244
4.716000849297706
4.417523242235955
4.581908410745014
5.155988532348696
4.767422299565606
5.5331631203640805
4.216637299622208
4.579077118120868
4.809990720828736
5.114018672488179
4.945075657771549
4.858313748799585
5.139803822649856
4.779189264943463
3.7849630952908018
4.729057327262328
4.020359361310949
4.584624877107098
3.928393512722104
4.658996422605744
4.68092556403145
4.350536608800075
3.8836264498228155
4.796487210590412
3.867248898329154
4.698102901280431
5.165850957984685
3.6072091668550947
4.168516324623647
3.3728029819779524
4.488820940333026
4.4427980225223065
4.1149736949116615
4.59532249067084
5.417198321930634
5.2739264508713
4.8005109619064
5.200525853826348
5.12381054992198
4.897134389282203
5.2412814999352975
5.248356133402281
4.633137750328922
4.865197954769879
4.324690865748931
5.60408314844047
4.929456820822125
4.342126219981359
4.701618564969327
5.451086533589176
4.507047101036869
4.688345250359952
4.870830493439139
4.8073175715324
4.304137511804473
4.995220521125823
4.384647700975512
4.6580389121758685
5.048001140927799
5.102470582518346
4.942818412410392
3.9214156875928414
5.027993344518591
4.125326115208117
4.5163962610210415
4.932901362547804
4.708858512165506
4.44853790882314
4.359949369884769
5.0950210312686615
3.338302071054656
4.8086737788226515
4.73445530112563
3.484915995463064
3.972992821247912
4.927672377365418
4.7162407310766135
4.483433910058189
5.071698293360626
4.814234987762325
5.01609904810377
4.1711505036151975
3.6221815625150815
3.7039590373299203
3.069773381164441
3.114805786878867
4.521029083494128
4.280264566372471
3.2078629669628302
4.759495360894778
4.985494211873327
4.821534103180594
4.449750036504853
3.584127537532028
4.648467022478728
5.130996197121555
4.619672430501361
4.2650456571480975
4.3904733403509875
5.397207465610857
4.7257450947901605
4.029679724371969
5.484930990017611
4.954619030967313
5.278771465893671
4.692157463993928
4.20238803415191
4.5447456366676295
4.738957063152328
5.254474765659892
5.614518956629301
4.526809708257404
4.317774216987317
4.411780961284124
4.078581565502965
4.26737877669501
5.294966049202382
4.239269210392376
4.325344112866434
4.496500756632781
5.170535528224715
3.870094854334147
4.765166398351616
3.5859416410363845
3.379776811488603
3.8112630495593534
5.0391881492419754
3.28371482168892
5.074936469051054
3.9108197968320835
4.930085319904664
4.841992122577347
4.31541238567119
5.123124823209739
4.74391147902989
5.421085123920559
5.266514792247048
4.671106244273765
4.456658563510182
5.098862918121759
4.619436146555159
4.675809500324339
3.7755940498220024
4.383927717225628
4.059524864845129
4.519259415651982
3.101136936795477
3.3002470800237913
3.5622415016064797
3.789887917993848
3.860191825685635
3.7933515760419447
3.6048438264186267
3.630120008282313
4.327379844525091
4.734753034067433
4.350494734183091
4.584161830166435
3.827439433448212
3.5351747145336168
5.016658228083465
3.5624321906920673
4.06300901772818
5.05584713648216
3.6640537181230832
3.79716887035737
4.233183139674669
4.822541222911329
4.320215090956219
4.644696036444016
4.043235398266734
4.718245157054308
3.5861718897420456
4.647655039320103
4.065781582895666
4.879268422968136
5.339045783208287
4.770700602432237
4.596691335480758
4.777161247217897
5.321632260784973
4.5165414672210495
4.455241611455168
5.303585856865753
4.964252412487233
3.984102498765002
5.831396980440793
4.938573142842013
5.303649999271022
4.222623389372329
4.1280063557171465
4.293438966065409
4.337200149852113
2.3090773855798967
3.449331254421946
3.7715765362568328
3.4673814412343082
3.5585228421124038
2.5081005279967146
4.401706697473773
4.477563342579686
4.107499036194962
3.297797348079239
4.254500355866506
3.7675037385373047
4.335290614183858
3.689060439746215
3.1413396017946726
3.057807700291583
4.06052291067081
3.963396016415439
3.5927531191903985
2.8442822377149097
3.848014273587847
2.9290836739733277
3.647934183409324
3.460779659828531
3.3019862015662143
3.7533689667488095
3.623515443760206
3.596888075203509
4.433021969579497
4.565740191437933
4.015030045065051
4.321259028764581
4.7725068453465855
4.3474197741746465
3.4171208524908203
3.8418854006475556
3.152528898352067
4.164265690741048
4.090782585974915
4.543523865578552
5.07401765031488
5.315047512954406
4.7412013977825485
5.3372093303688315
5.521382195233999
4.462394269025674
4.645239843229472
5.432351878442428
5.44578880264567
4.090992727359018
4.464674527194704
4.891673770563294
5.706088957294794
5.397525457213559
5.022392370339109
4.562379742198087
5.360411010376153
5.178764033769718
4.809098638100396
4.765305962639519
5.684573501404138
5.4181196676037295
5.656074382048378
5.248506082562438
5.36186007023488
5.751645645679275
4.594842316082343
4.346720174056518
4.4162849043715084
4.66370150097096
4.547276247630809
4.470662168572867
3.8003143494369946
4.904485212181509
4.90757569360598
4.696723834672318
3.6292809386305827
4.369763910488822
4.361186437782717
4.620197649398688
4.4756899641331955
4.821467297350484
4.282334962769366
4.216987927486891
4.071704726404987
4.595056291237868
5.404407389034643
4.579860827545761
3.77328804629781
5.176085223836217
4.867696840696195
3.469661095423691
3.545608275734351
4.768314594545014
5.176107733240063
3.5544049196900613
4.415035869921319
4.635696322855259
4.879699484726502
4.391618978739966
4.5217360050541116
4.726668638796879
3.8959322084164314
4.838170911784336
4.353024868921009
5.464573599865155
5.35677457759022
4.76273345896273
4.89604905787537
4.962440803587391
3.619763765297008
4.30871431649862
4.483417796923023
3.894739605857196
4.8074902213648
3.9517135905199745
5.147782511095186
4.426528459520131
4.845501861555456
3.6198041781418064
4.609326778924717
4.813842883642298
4.603351140208739
4.347537771150926
3.795561233295139
4.242357481631324
4.610424085951032
3.5708373495222747
4.367364306669829
4.8725778078649205
3.1675315121459278
4.479559321235849
3.7214054827381977
4.341039695528579
2.9825178624444812
4.5475735596690825
4.295486769720616
4.8259709880150075
3.556065453421185
2.3986201749853113
2.896407106671818
3.8164585641339204
4.922965443348879
4.477047367961664
4.2981668341848875
4.199579381645029
4.651981047192728
4.692877458426698
5.112607266018842
5.105211806157678
4.7393531666533715
4.215977639969312
4.9259939536469615
4.875990346282217
4.595726374628603
4.575457513882429
5.0182168752247
4.533132270194654
3.2157823989535794
4.583272210084611
4.883014926663503
5.032677447745418
5.362752372674035
5.014618816840425
4.098245875330086
4.965579788775589
4.778878172627766
4.472741628005917
3.8872371834359787
4.946600373913472
4.735620110334739
4.441606327925792
5.306924639744082
4.209905657534577
5.243452726808128
4.733553944165544
5.128853323372881
4.670008400629738
4.508008266802114
4.62319326595282
4.161095618545226
3.9931830734101936
2.8185297253139576
4.937396076949057
5.126933486663855
3.0198584420982897
4.899903265826981
4.470092938417653
4.397457179334796
4.729716488699999
5.1686932844888736
3.746183473058211
4.315176571722265
4.739225245819872
4.918110990599377
3.974676198768846
4.322519123706428
5.020707430459053
5.155467630386754
4.281450452690303
4.782341976095201
4.560166338304283
3.5958119305402736
4.50801145171413
5.126886550483636
4.18457743858298
4.419004657430009
3.7827594730514917
5.199634798217635
4.339826560616819
4.322089911516696
3.39682760059173
4.82759857931843
4.377245749978939
4.7340905868420595
4.763729322804217
5.02793643020614
4.474651521729086
4.6014597913945785
4.547075129230394
4.675722473548616
3.556078242430012
3.3817099595410838
3.167020881539516
4.183282161022937
2.4796095642243894
4.098920136218295
4.889680242389876
3.9314111547553097
3.9398180044411286
4.281323183363283
3.727694739643092
4.284675639297643
3.6512915931711425
5.10936101713875
4.975602634527781
3.322250701983301
4.517514659884283
4.891009363312671
4.580871173105811
3.949778047617015
4.901000639598323
4.118494640498295
4.653281447521418
4.760672370860433
4.352801494607887
4.2699563429419065
4.350396088114092
4.389590307496967
5.1834123902690505
4.791144351990209
4.715021062324875
4.333051518630906
3.320096403293793
3.087180033733347
3.9681727588554514
5.014825560704621
4.3807871056329155
5.4368152463684565
4.839617973881338
4.57739197150898
4.69696933806005
4.960115158085123
4.975542065002851
4.601094445465925
4.7427910525173855
4.500194688032455
5.313797436148327
3.81494038764339
3.868268689653263
3.655737617979946
4.8761871998233595
4.391926858005919
3.9537543679497027
5.034766141448212
4.965303256091318
4.4510379077622035
4.225824834898754
3.591726205133361
3.70099270837989
3.937219546104285
4.7298410517544776
5.05816765059642
5.174711272202652
4.806341127231882
4.701762534311502
4.477927776516656
3.504164936804019
5.293635481859799
5.077096672925694
5.019529293716568
4.1481167871253435
4.448562618578926
4.9539027079843505
4.525254531721521
4.9628746169633065
5.04567602204461
4.684755104808522
4.251105214052934
5.01294407500998
3.866559219406253
5.280644454553304
3.7719531699915274
4.487472720548768
4.959894332492872
4.807585741896417
4.66680010486496
3.5012964681784915
4.025092795526875
4.807234750814189
4.225143143501627
3.8031329571169716
3.6628716814883657
4.009675646458691
5.183879100060123
5.464838977755668
4.830302562366076
5.369860210568183
4.747433510968865
4.774203390049975
3.56658449444168
4.60289628383161
4.824934487384548
3.9852982539678217
4.302616802484525
5.6296910035901
5.003298313290706
4.309001760730168
5.421904483143798
4.759037498480885
4.6657993702971154
4.9645088852749195
4.834843141908994
4.11859726853695
5.285657227569363
4.613726801535199
5.1661407712468375
4.8462639140878885
4.934818478981697
5.529942508066673
5.039308334916525
5.049114372384425
5.262342094223902
4.531145080490657
3.9050239244059695
3.9646807200977396
4.819770225501097
5.280693122255324
4.4170987147929885
4.1889119580290775
5.008242617928029
5.325046188896725
4.1024076214669725
5.1926502302642525
4.961084979108482
4.381046587842305
3.923057881864828
4.935638882651732
3.8358419049425123
4.61241701545001
4.830521068053357
3.3343561262723718
4.992318538913091
4.35899779436533
4.844322181291223
3.9907362668144586
4.752032456321293
4.408889695479149
4.1030409488043995
4.439588120332597
4.289683484278121
4.370917522032358
4.380798993727775
3.596837782067461
3.038891986061435
5.382929027003385
4.896285026640473
5.073007745117191
5.251991618410674
5.471540041455001
4.571787478380921
5.181617369077628
5.549879272497893
3.531961584677652
5.015928800604979
5.366346460947787
5.0486819263758305
5.360555141443264
4.040460077281223
3.852705415886995
4.717103752343868
3.4433843996779325
4.141033184818273
4.486652835450409
4.850363387065595
5.016857789807978
5.313678581783324
4.74807394233848
5.235489655363823
4.44213375338591
3.6866884575327714
3.799951618972792
2.8117468911500745
4.642915251038974
5.255284887022309
4.970634091269255
4.472825783184315
4.332176596148657
4.458618893540018
4.515827952300909
4.761021246828352
4.720193095140309
4.653871014755538
4.787090795533922
4.383392961213443
5.318989569425355
4.39665967135807
5.164685464131996
5.162480653557188
5.080691990024978
4.638666414345315
5.1232379460149655
4.463446904932245
4.678370592940045
4.22308885735016
4.59820209083988
4.991451669636326
5.37531807169989
4.612234615789261
3.8577281111931705
5.389718883962314
4.669913376297924
4.797920031043014
4.529205343141156
3.9835874125237045
4.955521944321783
5.169067815598564
4.563773500025876
3.9954723683305975
3.7623891334568254
2.940354829065284
3.5129129274430593
5.082813767656886
4.181898359684667
3.9679002315461576
3.866545636850377
2.562568399297281
4.741651261240799
4.444776467856264
4.826359061647366
5.197432298651979
4.008104647710586
3.7023718492337236
2.835613376349312
3.5545207541719743
4.248048980086591
4.046397404462172
3.9144970974718256
3.8852069911338907
4.514642864211024
4.0323515199555
4.067037911725826
3.804768851322818
3.9548441038244473
3.584822589205638
4.08486831891632
4.3630571958898985
3.0063194194973457
3.386518948983338
4.527553544112823
3.4211765670324845
4.238114536002056
3.7186764530997896
4.474824013342751
4.149333098821334
4.457301893850301
3.903316932181556
3.9328414728021825
4.79208849507492
4.832414433097486
3.905481046213521
4.267936609969915
5.0520338042575235
5.167670612232719
5.8779096908214905
3.6854150478979677
4.414326362866871
4.866374845496336
5.29513251010517
4.971241037430547
4.83506412003205
5.368066199491971
4.885752942501877
4.224606281983792
4.793676018545376
5.348651696809397
4.493725210803515
5.043183177863913
5.0843645875984675
3.9570103896876696
5.293654224303243
5.696353951200051
5.1404571619515265
5.371962331134759
4.696770576406502
4.600584628168724
4.6339157217051365
4.714293036088685
4.952044405387183
5.129264166361076
4.4002838926782415
5.146735276337962
4.363531385718659
3.801413086890286
5.057680185097307
5.261403722173872
4.831899671463708
5.09032107041988
4.751828731207162
5.305410425113749
5.16299421830761
5.212200872876798
5.555059401418777
4.434664059701643
5.050565076503516
4.7263700770254875
4.840279269309598
4.535145904920424
5.09614850202983
5.341160685933137
5.025892643436469
4.7609542443129325
4.508992702454422
4.97511550385793
4.402089276448633
4.250101504061499
4.882911842972357
4.602070893409027
4.5695937805211155
4.95415574133014
5.094523164472413
4.6138266216090456
3.838441071620556
4.249328261928366
5.5477532236489795
5.165523646836871
4.532764503507651
5.414273194614323
4.7912750029396145
4.356107377711853
4.746360846110691
4.204072323439428
5.027483006365962
5.094567603081362
5.6451934500610745
4.804868420534517
4.274200316103135
4.247132671910084
4.559581119355208
4.499440572571784
5.054698456103594
3.9704118719515153
4.725832726660372
3.9503691342392053
5.094130088003094
4.539254472934865
4.834628139576716
5.471529069959976
5.497868072287218
4.227158097782245
4.177328072350117
4.302172840413972
5.121471064953987
3.624343282894895
4.37948522716256
3.9680807247096155
4.621811539458161
4.262621936718961
4.0732640722916225
4.645983951792373
4.531048110675721
4.72361993361304
4.881850150215121
5.291650863596785
5.506725385818218
4.494060622757672
4.4119879355964375
5.332359609709622
3.864886956140536
5.160078596316954
5.151284760707886
4.700089279837199
4.786005213958183
5.733713267350097
3.9353319942201677
3.381028012198184
5.364484005357502
5.243509590423076
5.451607462312498
4.8246211902993235
4.458156689951238
5.620200903567962
4.969256719248686
4.522266154931451
3.585113267234456
4.908377196124578
5.565172531817361
4.859686567306911
4.918850265230135
4.4319602430985325
5.210368532638909
5.630489493703493
4.724905586214874
4.994053627344041
4.7019765043837305
5.152057449368885
4.9007642136056395
3.4842838602759834
4.7192450414908285
5.252786486239872
3.9191726463912917
4.981567988958177
5.431460831055101
5.01695792377214
4.947948921110391
4.859846801911754
4.434260404322387
4.839395943524052
4.9060681528373395
4.954435231387513
4.800311703271864
4.349134630058769
4.453934346988822
4.315010530518097
5.285160842958834
4.312831731506832
4.474239963089905
4.25971882133743
4.5822022232022865
4.20521120496788
5.15376173505783
5.063312616941674
4.98106854293016
4.561625325042653
4.923833393912915
4.321965698739317
4.472387189380799
4.563029766906445
4.387465313972181
5.20719746660062
4.594003543213589
4.710229550701356
4.959245136070936
4.354180956323064
5.536667690602331
4.467282262535623
5.270468323762301
5.134290765104744
4.581501383631501
5.18588951092478
4.9929707619262444
5.608309347595913
4.743157071651475
4.934634550156033
4.864788239612492
4.617474464001051
5.455857074965448
4.687166548116369
4.412108296589243
4.824797545928796
4.81416586460164
4.596609066439923
4.611617225043472
4.4517170259041405
5.032746136106703
4.515051163900958
5.273119171716564
4.653302477150127
5.449834111179784
4.5448105557901535
5.171998473105006
5.131504318500728
4.199001600761627
5.257977141114984
3.7370597598070856
4.346148063505181
5.423006779807289
5.019137307141797
5.183743169603337
4.84969688386043
4.656655396145323
4.335444281427503
4.149231535286907
4.803695697057716
4.353364352189422
4.447139544991789
3.998264688725656
4.77431031803929
3.0421056143697642
3.6906991311172574
4.672199940674479
4.397686266803574
4.550361505967958
4.482284931511032
4.399393486568457
4.213960359454632
5.3429054976563055
4.902851380661731
5.0985333254557625
5.583402556140075
3.1723142407238525
4.10887594859456
4.093391338340275
5.227141782012213
5.070295424625774
3.157781962875962
3.9718104775094543
3.918951516756523
4.8694079430876265
3.5606388703089418
3.7585003913145583
3.453267366720344
4.748471263323969
5.382783452559967
4.959299573013246
5.492667409725509
4.38969457684289
5.855775376955974
5.185665436657705
4.518855946103401
4.743388573550124
5.141257530493069
5.2027077602581455
5.514092077336314
4.562201081528232
5.347630503252607
5.2750993211304475
4.655607509344955
4.74336801127524
4.65937630226493
4.237157451820587
5.29060502561647
4.199708137703772
5.041328728258917
4.341865245244288
4.531985022828199
4.45419662133195
4.813275432729324
3.9865171248406193
3.24654118159863
4.300088177074198
4.321730393932278
5.242077707780848
3.9460471443264544
5.314888911702503
4.311612857747432
5.102521226838619
5.230522327738162
4.416841044580571
5.2260901440754814
4.617175650376112
4.102291095017775
4.609639313939116
4.016397655348555
5.186140522469948
4.584831000072103
5.335312315261396
5.131733384538407
4.515751794527993
5.770088860457013
5.384792524642563
4.902426080749614
4.96373984547492
5.187696947058878
3.6434516064986586
5.176698700173005
4.086119410113024
5.578529550882138
5.3460849611970565
5.022093433296062
4.316965000532442
4.182250158698196
3.420143396688298
4.875153053623647
5.20893826167205
3.7174630567711735
5.536233051451227
4.994295158365389
4.961120919584092
5.516330359854342
4.906552543967691
4.335632222103954
4.307301462556851
4.427900155012751
4.756868480324508
4.863615072490998
5.072909793214363
5.299158176670607
5.144988826850142
4.504596936989305
5.5512082283142075
4.672202400801379
3.8630904134862747
4.441264792445018
4.670298369669746
5.381116194467564
4.315158361033331
4.370027980393813
4.3780703300326245
5.170358043297981
4.717209461274247
5.082452320236471
4.7683560391536695
5.12066454247156
4.481057602302541
4.953436305642088
5.271433000968424
4.715474144740371
4.075199369817198
4.2142312983184524
5.014977588362119
5.191887293174975
4.568481057425481
5.373607580234065
5.299065634580238
5.083871019622147
4.940094817929356
4.931599069517592
4.671373568184922
3.610311665132207
3.6492480983804443
4.2152893053702485
4.100822746400675
5.339149842789525
5.116340208330495
4.778715637404537
4.884559819696703
4.872193909718039
4.587372292491652
4.08378507051986
4.704746869411603
4.88488931110657
3.958640726416588
4.341602114201409
3.588178708628268
4.627432458814288
3.8662789142151763
5.3252682646859055
5.067038802993092
5.2736439768438945
5.5144666509763764
5.1567203494265055
5.7385726717905
4.854182714783435
4.655536615238839
4.622200944828832
5.02897814885979
4.769862163925147
5.807280035160933
4.9375898131555624
4.8200281377976735
4.252148738769822
5.0066929373313345
5.063239241844297
5.19506191265513
4.933439926800304
5.480098449321432
5.089415180789068
4.628656860953803
4.945993134627035
4.5897607943472245
5.004561646857495
5.275900584849927
5.357714827022327
4.430491904245425
3.6752288548903693
4.474099820097273
4.5465907538535415
4.627318920261199
4.551522966776877
4.448437771623669
4.430536427378525
4.875738787470634
4.935074417864292
5.519419630280301
4.424164761836742
5.436301698507008
4.863598814005602
4.172279330463873
4.4800405185327765
4.112484532034064
5.610465734674024
4.757363514521146
4.892540634544773
5.020476920251047
4.3101309501063305
4.836894004080304
5.099868523710083
4.854672060016858
5.15240284691136
4.946348113482051
4.396336710330595
4.22419755135554
4.361225697162042
3.456565160810553
4.208374175440195
4.411111773382219
4.345556536979893
4.2298504113241915
5.122176872261873
4.9230074417791085
4.984668947079013
4.543989859314509
5.458855924655327
4.196513128283795
4.0125245877733215
4.549083327262175
3.8961172723242323
5.119949543641626
4.756915618179277
5.126410908246181
4.850546597729608
3.710245250420409
4.3198904479619475
4.140462585425661
4.582569941823103
3.7994128408714203
4.635667628032589
5.168541982430321
5.09274114422863
4.116793321995343
4.531335557894784
4.16729897802825
4.594647060820154
4.2469183978662475
4.000671134952733
4.984174694387109
4.156100263447653
4.789313117469427
3.6074777353334038
3.894484354044834
3.637101827124755
4.536372351561174
5.13498442120886
4.7186902939745385
3.932239909736363
4.548884060690689
4.4781089948737955
3.7962545589548213
5.425587066208481
4.2191745009434305
4.54588753744734
4.36460347167008
3.684079607467545
4.760028226149702
5.083288131307202
5.244716309843725
4.40708686760094
5.3346355623194555
5.440075583411077
4.886489600024557
4.70355289401067
5.5096628148213895
5.28898422267062
4.998206601938747
4.924807176614941
4.991169629954648
4.329427112777965
3.5525520654492544
4.536135656562033
4.565372910542832
5.254409499201898
5.53800172615685
5.302744090791172
3.959634711896344
3.9500203468086887
4.648600772708668
4.331938128230535
5.510925473623993
5.006986630095029
4.392406502337562
3.9491919096994432
4.858252953203085
5.000995232437925
5.211729784713181
4.3216669717883445
4.593004574081414
3.9144394261245545
5.327518601486526
4.37901832545384
4.889796004318167
4.733901050330291
4.477087630037909
4.210291491325293
4.78036688113899
3.705867637385612
4.443950334413335
4.377005202324843
4.8470645386227575
4.496244412400386
5.0484802655593395
5.291735222430673
4.944655230260313
4.802343904395908
4.61726005553978
4.503845787507821
4.455225767905484
3.8811568731388943
4.025542294911835
4.550683444595736
4.846424704216288
4.043495713434101
5.080964628473796
5.240573726972304
3.788002817533171
5.273952328661728
5.247412281315885
3.777958993420206
4.630245827090919
4.56395870096415
4.495603283644609
4.889248490711486
4.8086270745131365
4.864171552411198
3.821840361804769
4.902860808612278
5.34962492886247
4.846042806075357
4.914574718527446
3.606298635658716
4.203700841957851
4.65850082911901
4.9552943864672
4.64880403472958
5.069397311921053
4.678719771153875
4.443144173204611
4.645586872145407
4.466005929465904
5.021068121682438
5.075197163294981
4.098470316151342
4.314183041359498
5.830548713859451
4.918188748166357
4.81915759180518
5.6815608695825155
5.591217966320839
5.550772862791726
4.972278698933764
4.909051648914646
5.316938530836985
5.028154984295115
5.489401473695664
5.097428842912226
5.256699261793211
5.3304712769493685
5.5361539497277334
5.343156453333857
5.634236581503799
4.7151319875545665
5.478130612101128
5.4588277163560415
5.066950606920659
4.7099510159616
4.40071091160198
5.42786687140922
4.57570038387049
5.114254895967729
5.417510483420893
4.505893923030771
4.812789695716582
4.9153010549406035
4.481992900212907
4.603574445881452
4.31836403263878
4.523361034576185
4.235045921803743
4.340474407915785
4.765785245939392
5.023321270399218
4.711130979574284
4.672652015177098
4.833121624484981
4.674638048843032
4.643616354894207
4.47439964633374
4.388373776066347
4.462403139762831
4.177309187422199
3.779311552556105
4.9009613675256185
4.985071060791409
4.799604302312906
3.9994985438599957
3.1304041044196222
4.409568385039372
4.07217821824393
5.082540703313908
5.067096323119997
4.200444261814867
4.916806550646025
3.7501093348353436
4.858052464412966
3.6201536722851007
3.9634801357129574
4.277630357280745
4.30871572417206
4.0162530613905165
4.00215301264808
5.166095130668124
4.565339503354376
4.836873767771718
4.7826397060248365
5.113571100123103
5.101332229364541
4.790428877296703
4.2367482336849696
3.5430247947721822
4.073646014119265
4.901914098085618
4.736565640505008
5.353581842004471
4.878654428080049
4.754500588771195
4.225466200207595
4.064901679904505
3.70484797019206
5.276972135274121
4.533868088089118
4.494036727586736
5.1519997177368895
4.483596034567349
4.889824104091983
4.878443852685684
4.1615677125984245
4.156894227779051
4.611433786406568
4.707285018675425
4.620796306285477
4.505295569642718
4.301093425211996
4.119202282234131
4.156545216586414
4.546702689285804
4.853045625727518
3.5679781050508264
4.659634859783466
4.459019695373072
3.4107142589407697
4.34725829490793
3.84152072960039
4.1285755783484
4.608191831440285
4.616123704597795
4.804423160915688
4.337460211521246
3.792091008165667
4.652564412157268
4.532475996728868
4.696124671237641
2.5269984040687237
3.9082528727901513
4.53229495604788
3.8175211037960346
4.327755978743151
4.806762479815806
4.6521336689232085
4.306153179251841
4.970861554492928
3.9873689206126848
4.348039952039383
3.7486046089181797
3.7858837432407397
4.717671757241983
4.873248696134693
4.389670266016549
5.0102813497100245
4.59704488528452
3.9914657394418493
4.749917734133793
5.172849800296484
4.404432664262816
5.25743948919943
4.603643711095207
4.2042722188006785
4.979854911608118
4.085703946214952
3.840375966887031
3.754891215417401
4.296422354871987
4.832344491756388
4.412026180480336
4.60733622914933
4.349328878404143
3.8316105435041394
4.977590528039905
4.197506065988734
4.81567063051537
4.193628314804248
4.26259427530728
4.3261687967301645
3.3090038261157684
2.912695786798837
4.7945781895875585
4.695624315179171
4.079235105780189
4.511335516228545
3.8607207587885792
4.774703947942777
4.770259187689511
3.362900814158588
4.741741849294154
4.599117200700469
4.763168436911062
3.3750589478083732
4.107863003632829
4.638261432909601
3.9775777327405364
3.6330920321650533
3.651085092875702
4.760933744377808
4.100160245816332
3.9819797940641086
4.982367844696902
3.963535692493845
4.174210565582512
3.6558889474118184
4.316014017823213
4.366896208553093
4.517671028619698
3.4254371129419945
4.355544550257119
3.7528292025836887
2.836411511998974
4.262310677849209
4.576503305600703
3.8869486090510574
5.174201686230582
4.936764843248041
4.592315740681975
4.297506083269964
4.199680032244614
4.266791116425518
4.349638910757398
4.825350247157062
4.649202846569732
4.294857365372539
5.104420936168483
4.324397522921927
4.945014210351026
5.240663362125036
4.3643621328781315
5.219356123498585
4.11444500662227
3.551499810323465
4.521349500916606
5.35593600676416
5.38611852262279
4.767768608489967
4.201796507478646
4.447196376991665
4.3085503687629645
4.150197856662848
4.433979081886346
